107.34
107.34
107.34
107.34
107.34
107.34
107.34
107.34
107.34
107.34
107.34
107.34
107.34
107.34
107.34
107.34
107.34
107.34
107.34
107.34
107.34
107.34
107.34
107.34
107.34
107.34
107.34
107.34
107.34
107.34
106.99
107.07
107.03
107.12
107.10
107.17
107.10
107.14
107.10
107.15
107.15
107.02
107.09
107.07
107.06
106.96
106.93
106.93
106.90
106.93
107.07
107.08
107.03
107.10
107.11
107.11
107.09
107.04
107.00
106.84
106.80
106.79
106.83
106.88
106.93
106.96
106.97
106.92
106.91
106.80
106.79
106.84
106.83
106.77
106.70
106.82
106.80
106.75
106.73
106.78
106.77
106.78
106.79
106.79
106.81
106.80
106.78
106.78
106.78
106.83
106.84
106.80
106.69
106.64
106.64
106.69
106.64
106.50
106.43
106.47
106.39
106.21
106.25
106.12
106.17
105.97
106.03
106.07
106.12
106.15
106.16
106.09
106.08
106.03
106.10
106.21
106.24
106.29
106.14
106.44
106.48
106.48
106.39
106.37
106.34
106.37
106.35
106.38
106.41
106.37
106.34
106.41
106.44
106.46
106.51
106.54
106.56
106.51
106.53
106.47
106.42
106.41
106.42
106.42
106.43
106.40
106.46
106.49
106.48
106.47
106.35
106.35
106.40
106.40
106.39
106.36
106.32
106.31
106.32
106.35
106.33
106.42
106.42
106.49
106.50
106.48
106.51
106.46
106.38
106.40
106.37
106.42
106.41
106.39
106.42
106.39
106.41
106.50
106.45
106.43
106.44
106.44
106.47
106.47
106.49
106.59
106.58
106.55
106.53
106.54
106.52
106.57
106.57
106.56
106.51
106.51
106.52
106.52
106.60
106.64
106.60
106.66
106.68
106.75
106.73
106.76
106.77
106.84
106.87
106.89
106.90
106.91
106.88
106.84
106.86
106.84
106.84
106.87
106.87
106.85
106.84
106.85
106.86
106.87
106.83
106.84
106.85
106.84
106.87
106.89
106.92
106.91
106.91
106.93
106.97
107.02
107.02
106.99
106.95
106.95
106.92
106.90
106.85
106.85
106.86
106.86
106.86
106.93
106.93
106.92
106.93
106.97
106.99
107.00
107.02
107.13
107.16
107.18
107.29
107.31
107.35
107.20
107.26
107.23
107.19
107.21
107.17
107.17
107.18
107.21
107.17
107.21
107.22
107.16
107.15
107.19
107.17
107.19
107.20
107.19
107.20
107.15
107.12
107.13
107.05
107.11
107.14
107.12
107.17
107.17
107.13
107.17
107.16
107.15
107.14
107.17
107.19
107.14
107.15
107.11
107.09
107.14
107.15
107.12
107.13
107.10
107.11
107.09
107.07
106.99
106.96
106.93
106.94
106.92
106.94
106.97
106.95
106.88
106.87
106.88
106.90
106.89
106.86
106.86
106.86
106.88
106.90
106.94
106.93
106.95
106.95
106.90
106.90
106.93
106.93
106.93
106.94
106.95
106.97
106.98
106.96
106.94
106.91
106.83
106.79
106.79
106.69
106.69
106.78
106.64
106.62
106.57
106.59
106.60
106.62
106.66
106.68
106.68
106.62
106.57
106.60
106.60
106.59
106.59
106.54
106.57
106.55
106.57
106.54
106.57
106.57
106.52
106.59
106.62
106.60
106.66
106.59
106.60
106.61
106.58
106.58
106.60
106.56
106.55
106.63
106.63
106.67
106.69
106.75
106.72
106.72
106.74
106.82
106.81
106.79
106.84
106.84
106.83
106.83
106.90
106.94
106.88
106.86
106.87
106.88
106.91
106.90
106.91
106.94
106.90
106.94
106.95
106.92
