106.98
106.98
106.98
106.98
106.98
106.98
106.98
106.98
106.98
106.98
106.98
106.98
106.98
106.98
106.98
106.98
106.98
106.98
106.98
106.98
106.98
106.98
106.98
106.98
106.98
106.98
106.98
106.98
106.98
106.98
106.98
107.79
107.75
107.57
107.62
107.70
107.73
107.76
107.78
107.83
107.81
107.70
107.75
107.75
107.75
107.70
107.64
107.68
107.65
107.62
107.67
107.66
107.67
107.71
107.70
107.71
107.75
107.76
107.64
107.68
107.69
107.56
107.37
107.44
107.38
107.43
107.40
107.45
107.36
107.28
107.22
107.38
107.39
107.41
107.50
107.45
107.43
107.49
107.49
107.50
107.51
107.56
107.59
107.60
107.62
107.54
107.59
107.64
107.61
107.72
107.71
107.71
107.68
107.71
107.75
107.75
107.61
107.55
107.55
107.54
107.50
107.50
107.50
107.55
107.64
107.54
107.59
107.51
107.45
107.42
107.44
107.42
107.43
107.47
107.50
107.52
107.54
107.57
107.54
107.56
107.52
107.53
107.51
107.50
107.47
107.54
107.58
107.59
107.64
107.61
107.62
107.59
107.60
107.63
107.60
107.63
107.60
107.61
107.61
107.63
107.64
107.64
107.65
107.62
107.65
107.65
107.64
107.66
107.69
107.71
107.72
107.69
107.69
107.70
107.70
107.65
107.68
107.55
107.52
107.51
107.56
107.59
107.57
107.58
107.62
107.61
107.63
107.64
107.65
107.65
107.62
107.58
107.57
107.56
107.54
107.53
107.55
107.58
107.61
107.57
107.57
107.54
107.55
107.56
107.54
107.58
107.59
107.60
107.62
107.58
107.56
107.54
107.59
107.61
107.60
107.60
107.59
107.56
107.56
107.51
107.53
107.52
107.51
107.56
107.56
107.50
107.47
107.45
107.45
107.51
107.49
107.46
107.49
107.53
107.49
107.48
107.50
107.51
107.47
107.46
107.47
107.46
107.45
107.47
107.48
107.46
107.49
107.52
107.50
107.50
107.52
107.52
107.52
107.55
107.56
107.55
107.56
107.55
107.46
107.55
107.57
107.56
107.55
107.54
107.55
107.58
107.57
107.58
107.58
107.59
107.59
107.58
107.59
107.58
107.59
107.59
107.58
107.59
107.59
107.60
107.63
107.63
107.64
107.63
107.65
107.65
107.62
107.65
107.65
107.64
107.65
107.60
107.62
107.59
107.61
107.62
107.63
107.64
107.64
107.64
107.63
107.64
107.64
107.66
107.64
107.65
107.65
107.62
107.62
107.59
107.61
107.59
107.61
107.62
107.59
107.60
107.61
107.62
107.61
107.63
107.63
107.63
107.64
107.65
107.64
107.64
107.60
107.62
107.63
107.64
107.65
107.65
107.64
107.64
107.66
107.65
107.64
107.65
107.66
107.66
107.62
107.63
107.64
107.62
107.64
107.62
107.62
107.63
107.64
107.64
107.64
107.63
107.65
107.65
107.68
107.66
107.66
107.68
107.71
107.70
107.70
107.68
107.69
107.70
107.67
107.64
107.62
107.64
107.64
107.64
107.64
107.65
107.65
107.64
107.69
107.68
107.69
107.68
107.69
107.69
107.68
107.69
107.70
107.70
107.75
107.75
107.77
107.77
107.74
107.74
107.75
107.75
107.75
107.76
107.76
107.74
107.73
107.72
107.72
107.74
107.74
107.76
107.76
107.78
107.78
107.78
107.78
107.77
107.79
107.81
107.85
107.85
107.84
107.82
107.82
107.82
107.81
107.83
107.85
107.86
107.88
107.89
107.91
107.92
107.91
107.93
107.96
107.99
107.97
107.98
107.97
107.96
107.97
107.98
107.97
