106.74
106.74
106.74
106.74
106.74
106.74
106.74
106.74
106.74
106.74
106.74
106.74
106.74
106.74
106.74
106.74
106.74
106.74
106.74
106.74
106.74
106.74
106.74
106.74
106.74
106.74
106.74
106.74
106.74
106.74
106.75
106.94
107.11
106.94
106.92
106.85
106.95
107.03
107.00
107.15
107.14
107.17
107.06
107.09
107.06
107.14
107.09
107.06
107.04
107.00
106.98
106.92
106.76
106.75
106.89
106.93
106.94
106.97
106.97
106.92
106.90
106.90
106.87
106.88
106.85
106.82
106.85
106.87
106.89
106.88
106.85
106.93
106.90
106.89
106.94
106.95
106.95
106.95
106.99
106.90
106.99
106.97
107.02
106.97
107.04
107.04
107.00
106.96
106.97
107.01
107.04
107.06
107.10
107.06
107.03
107.04
107.08
107.07
107.12
107.11
107.09
107.14
107.11
107.09
107.11
107.11
107.07
107.10
107.10
107.09
107.09
107.13
107.09
107.13
107.12
107.13
107.15
107.14
107.15
107.18
107.17
107.14
107.18
107.18
107.19
107.19
107.18
107.16
107.20
107.26
107.28
107.29
107.29
107.27
107.23
107.14
107.22
107.14
107.19
107.21
107.16
107.12
107.16
107.19
107.17
107.16
107.17
107.19
107.13
107.08
107.13
107.14
107.13
107.10
107.12
107.11
107.12
107.12
107.13
107.15
107.14
107.11
107.08
107.07
107.04
107.07
107.12
107.06
107.06
107.05
107.09
107.12
107.12
107.11
107.09
107.10
107.09
107.12
107.13
107.10
107.13
107.11
107.07
107.07
107.07
107.09
107.08
107.10
107.07
107.07
107.07
107.04
107.06
107.04
107.04
107.04
107.04
106.97
106.94
106.83
106.84
106.91
106.92
106.87
106.84
106.82
106.77
106.71
106.71
106.62
106.63
106.66
106.71
106.74
106.76
106.76
106.77
106.77
106.78
106.79
106.83
106.80
106.78
106.79
106.71
106.65
106.64
106.63
106.63
106.56
106.55
106.56
106.55
106.59
106.67
106.59
106.67
106.65
106.67
106.66
106.71
106.73
106.75
106.79
106.82
106.84
106.80
106.81
106.83
106.89
106.91
106.82
106.85
106.79
106.78
106.67
106.75
106.81
106.79
106.82
106.83
106.89
106.87
106.84
106.93
106.89
106.90
106.87
106.87
106.83
106.84
106.81
106.80
106.76
106.79
106.74
106.74
106.73
106.71
106.66
106.69
106.66
106.61
106.68
106.76
106.83
106.81
106.78
106.79
106.81
106.80
106.78
106.77
106.79
106.91
106.89
106.87
106.66
106.80
106.72
106.71
106.65
106.63
106.56
106.54
106.58
106.69
106.79
106.82
106.76
106.72
106.68
106.53
106.42
106.53
106.55
106.57
106.60
106.63
106.65
106.73
106.79
106.96
106.96
106.98
107.03
107.11
107.09
106.93
106.93
106.94
107.05
107.11
107.08
107.13
107.07
107.03
106.99
107.00
107.11
107.08
107.05
107.04
106.92
106.92
106.92
106.94
106.92
106.92
106.95
107.00
107.05
107.01
107.05
107.15
107.20
107.22
107.22
107.21
107.18
107.10
107.15
107.14
107.10
107.05
107.03
107.03
107.02
106.93
107.04
107.09
107.05
107.07
107.12
107.14
107.15
107.14
107.09
107.06
107.05
107.08
107.08
107.10
107.10
107.17
107.16
107.24
107.24
107.28
107.22
107.22
107.20
107.19
107.29
107.31
107.32
107.34
107.33
107.34
107.32
107.26
107.26
107.29
107.35
107.35
107.31
107.27
107.27
107.30
107.22
107.25
107.24
107.30
107.30
107.33
