45.43
45.43
45.43
45.43
45.43
45.43
45.43
45.43
45.43
45.43
45.43
45.43
45.43
45.43
45.43
45.43
45.43
45.43
45.43
45.43
45.43
45.43
45.43
45.43
45.43
45.43
45.43
45.43
45.43
45.43
45.29
45.32
45.32
45.38
45.50
45.67
45.63
45.77
45.81
45.79
45.68
45.73
45.69
45.75
45.68
45.72
45.70
45.79
45.72
45.74
45.73
45.69
45.61
45.58
45.53
45.54
45.44
45.36
45.31
45.30
45.29
45.28
45.28
45.29
45.36
45.39
45.45
45.33
45.36
45.26
45.28
45.25
45.25
45.23
45.22
45.40
45.43
45.46
45.44
45.46
45.43
45.46
45.51
45.40
45.43
45.40
45.35
45.32
45.35
45.39
45.34
45.33
45.28
45.32
45.31
45.38
45.34
45.35
45.35
45.33
45.28
45.27
45.33
45.29
45.27
45.24
45.24
45.20
45.28
45.23
45.22
45.22
45.19
45.21
45.23
45.24
45.24
45.24
45.29
45.24
45.27
45.24
45.24
45.22
45.20
45.19
45.23
45.22
45.28
45.27
45.28
45.33
45.35
45.36
45.35
45.33
45.35
45.33
45.32
45.27
45.28
45.28
45.27
45.26
45.27
45.25
45.26
45.25
45.26
45.28
45.26
45.25
45.27
45.25
45.26
45.23
45.22
45.24
45.25
45.26
45.26
45.27
45.28
45.30
45.34
45.31
45.32
45.32
45.36
45.37
45.39
45.38
45.39
45.39
45.43
45.42
45.51
45.51
45.45
45.49
45.49
45.48
45.54
45.52
45.51
45.49
45.51
45.51
45.50
45.48
45.47
45.43
45.45
45.45
45.44
45.44
45.45
45.44
45.46
45.45
45.48
45.48
45.50
45.50
45.48
45.49
45.47
45.50
45.50
45.45
45.45
45.46
45.43
45.44
45.45
45.46
45.46
45.47
45.47
45.47
45.49
45.48
45.45
45.44
45.43
45.44
45.44
45.40
45.40
45.36
45.40
45.40
45.42
45.41
45.43
45.42
45.40
45.40
45.41
45.39
45.39
45.41
45.41
45.43
45.43
45.42
45.44
45.47
45.49
45.50
45.51
45.52
45.53
45.51
45.50
45.58
45.57
45.58
45.62
45.64
45.63
45.61
45.59
45.57
45.57
45.58
45.59
45.58
45.56
45.55
45.50
45.52
45.53
45.52
45.53
45.50
45.48
45.52
45.52
45.51
45.51
45.49
45.49
45.50
45.49
45.49
45.51
45.52
45.54
45.57
45.58
45.62
45.62
45.61
45.55
45.54
45.56
45.54
45.53
45.52
45.53
45.56
45.59
45.58
45.58
45.59
45.59
45.56
45.54
45.56
45.56
45.56
45.51
45.49
45.50
45.48
45.49
45.46
45.46
45.46
45.48
45.50
45.49
45.49
45.49
45.53
45.54
45.56
45.55
45.57
45.60
45.57
45.55
45.58
45.58
45.58
45.64
45.62
45.64
45.65
45.68
45.62
45.63
45.59
45.56
45.56
45.53
45.51
45.52
45.50
45.45
45.45
45.42
45.39
45.42
45.46
45.48
45.49
45.49
45.48
45.51
45.51
45.49
45.52
45.51
45.51
45.50
45.53
45.50
45.52
45.51
45.48
45.50
45.51
45.51
45.55
45.54
45.55
45.53
45.52
45.49
45.50
45.49
45.49
45.51
45.51
45.52
45.52
45.56
45.56
45.55
45.54
45.56
45.57
45.56
45.58
45.59
45.60
45.59
45.64
45.63
45.60
45.59
45.59
45.64
45.62
45.63
45.62
45.61
45.61
45.62
45.63
45.64
