45.63
45.63
45.63
45.63
45.63
45.63
45.63
45.63
45.63
45.63
45.63
45.63
45.63
45.63
45.63
45.63
45.63
45.63
45.63
45.63
45.63
45.63
45.63
45.63
45.63
45.63
45.63
45.63
45.63
45.63
46.16
46.47
46.35
46.26
46.22
46.35
46.35
46.29
46.22
46.31
46.31
46.18
46.10
46.09
46.12
46.12
46.09
46.07
46.03
46.03
46.01
45.91
45.94
46.02
46.08
46.05
46.13
46.04
45.97
45.94
45.97
45.94
45.88
45.89
45.92
45.88
45.90
45.93
45.88
45.91
45.88
45.80
45.83
45.85
45.89
45.89
45.86
45.94
45.93
45.90
45.85
45.84
45.87
45.89
45.92
45.94
45.93
45.98
45.95
45.97
45.96
45.94
45.94
45.95
45.93
45.92
45.92
45.94
45.98
45.95
45.91
45.90
45.85
45.87
45.88
45.85
45.86
45.84
45.72
45.75
45.75
45.74
45.78
45.84
45.87
45.87
45.86
45.81
45.83
45.82
45.76
45.78
45.83
45.85
45.80
45.85
45.88
45.92
45.92
45.86
45.86
45.88
45.85
45.85
45.84
45.79
45.73
45.68
45.72
45.68
45.73
45.76
45.80
45.78
45.75
45.79
45.84
45.87
45.88
45.87
45.86
45.85
45.85
45.85
45.84
45.82
45.86
45.83
45.86
45.83
45.84
45.88
45.85
45.85
45.87
45.88
45.86
45.87
45.88
45.88
45.92
45.92
45.90
45.88
45.88
45.88
45.87
45.90
45.88
45.87
45.87
45.84
45.90
45.92
45.92
45.97
46.03
46.01
45.99
45.98
45.99
46.00
46.03
46.01
45.99
46.00
46.00
46.00
45.99
46.01
46.03
46.00
45.99
45.99
46.00
46.00
46.00
46.02
46.01
46.03
46.01
46.01
46.01
46.04
46.03
46.01
46.03
46.03
46.01
46.00
46.01
46.03
46.03
46.04
46.03
46.03
46.04
46.06
46.08
46.06
46.06
46.07
46.08
46.10
46.08
46.08
46.09
46.09
46.03
46.09
46.10
46.09
46.10
46.09
46.07
46.07
46.02
46.05
46.01
46.00
45.99
46.00
46.00
46.01
46.02
46.01
46.01
46.01
46.02
46.02
46.02
46.00
45.99
45.98
45.96
45.99
45.96
45.97
45.96
45.97
45.95
45.91
45.92
45.89
45.90
45.92
45.94
45.93
45.94
45.95
45.94
45.94
45.93
45.94
45.90
45.92
45.92
45.92
45.92
45.89
45.91
45.89
45.90
45.90
45.92
45.92
45.90
45.89
45.88
45.89
45.90
45.85
45.85
45.87
45.90
45.89
45.86
45.87
45.88
45.89
45.90
45.87
45.87
45.85
45.86
45.85
45.80
45.85
45.83
45.85
45.81
45.81
45.84
45.86
45.88
45.87
45.86
45.83
45.85
45.86
45.84
45.84
45.86
45.87
45.88
45.87
45.88
45.87
45.85
45.85
45.83
45.81
45.80
45.80
45.81
45.81
45.81
45.85
45.86
45.88
45.90
45.91
45.94
45.92
45.95
45.97
45.98
45.99
45.97
45.98
45.97
45.99
45.99
46.03
46.04
46.03
45.99
45.99
46.01
45.95
45.98
45.97
45.98
46.00
45.98
46.00
46.03
46.03
46.04
46.05
46.00
46.02
46.03
46.05
46.07
46.08
46.07
46.05
46.07
46.04
46.05
46.03
46.02
46.03
46.03
45.99
45.99
46.00
46.01
46.03
46.04
46.04
46.08
46.08
46.10
46.08
46.10
46.10
46.10
46.09
46.07
46.00
46.02
46.05
46.04
