45.87
45.87
45.87
45.87
45.85
45.85
45.85
45.85
45.85
45.85
45.85
45.85
45.87
45.87
45.87
45.85
45.85
45.85
45.85
45.85
45.87
45.87
45.87
45.87
45.87
45.87
45.87
45.85
45.87
45.87
45.88
45.82
45.68
45.53
45.41
45.45
45.44
45.66
45.62
45.75
45.73
45.73
45.69
45.64
45.65
45.68
45.70
45.73
45.59
45.62
45.61
45.63
45.54
45.59
45.52
45.59
45.56
45.59
45.57
45.50
45.49
45.52
45.56
45.51
45.48
45.49
45.41
45.38
45.44
45.41
45.47
45.43
45.42
45.40
45.46
45.33
45.39
45.37
45.38
45.42
45.39
45.40
45.41
45.40
45.33
45.33
45.21
45.19
45.13
45.25
45.27
45.36
45.38
45.37
45.37
45.41
45.35
45.39
45.40
45.44
45.43
45.38
45.42
45.46
45.46
45.46
45.46
45.42
45.44
45.41
45.44
45.43
45.39
45.43
45.43
45.44
45.48
45.49
45.47
45.48
45.56
45.57
45.60
45.64
45.65
45.65
45.75
45.78
45.83
45.82
45.82
45.84
45.87
45.81
45.78
45.74
45.82
45.81
45.84
45.79
45.76
45.76
45.79
45.79
45.83
45.79
45.85
45.88
45.87
45.83
45.82
45.80
45.78
45.75
45.80
45.77
45.77
45.77
45.78
45.79
45.81
45.83
45.85
45.87
45.83
45.85
45.86
45.86
45.82
45.81
45.81
45.84
45.85
45.88
45.89
45.92
45.95
45.94
45.94
45.94
45.88
45.85
45.83
45.80
45.81
45.84
45.83
45.85
45.82
45.80
45.75
45.69
45.73
45.72
45.70
45.69
45.67
45.63
45.63
45.62
45.60
45.68
45.65
45.67
45.62
45.66
45.66
45.62
45.63
45.63
45.62
45.65
45.66
45.63
45.65
45.59
45.62
45.57
45.56
45.63
45.63
45.63
45.62
45.63
45.59
45.62
45.61
45.61
45.52
45.53
45.53
45.53
45.49
45.53
45.57
45.58
45.57
45.52
45.54
45.52
45.48
45.49
45.48
45.48
45.48
45.48
45.45
45.46
45.42
45.42
45.46
45.44
45.46
45.44
45.45
45.47
45.47
45.46
45.48
45.55
45.55
45.57
45.54
45.60
45.60
45.61
45.61
45.55
45.56
45.55
45.56
45.55
45.56
45.55
45.54
45.54
45.57
45.56
45.53
45.52
45.52
45.51
45.50
45.52
45.54
45.60
45.60
45.56
45.56
45.55
45.56
45.55
45.55
45.57
45.58
45.58
45.54
45.40
45.51
45.46
45.47
45.41
45.37
45.38
45.42
45.42
45.51
45.59
45.61
45.58
45.53
45.46
45.41
45.41
45.41
45.47
45.44
45.42
45.43
45.47
45.49
45.50
45.58
45.55
45.53
45.53
45.63
45.60
45.51
45.50
45.53
45.61
45.62
45.59
45.58
45.56
45.53
45.51
45.52
45.54
45.53
45.54
45.50
45.43
45.38
45.39
45.42
45.41
45.43
45.44
45.47
45.51
45.48
45.48
45.53
45.52
45.51
45.52
45.51
45.50
45.46
45.45
45.42
45.37
45.35
45.34
45.34
45.31
45.30
45.33
45.36
45.36
45.37
45.36
45.39
45.41
45.43
45.38
45.35
45.34
45.37
45.37
45.36
45.36
45.38
45.41
45.44
45.46
45.50
45.49
45.51
45.44
45.44
45.45
45.43
45.47
45.47
45.47
45.50
45.50
45.47
45.42
45.46
45.50
45.44
45.45
45.46
45.46
45.48
45.44
45.46
45.42
45.41
45.42
45.42
