560.27
560.27
560.27
560.27
560.27
560.27
560.27
560.27
560.27
560.27
560.27
560.27
560.27
560.27
560.27
560.27
560.27
560.27
560.27
560.27
560.27
560.27
560.27
560.27
560.27
560.27
560.27
560.27
560.27
560.27
560.27
568.00
567.69
567.43
567.11
567.46
567.72
567.40
567.55
567.47
567.24
566.51
566.20
565.42
565.70
565.34
565.62
565.73
566.41
566.16
566.43
566.40
566.22
566.44
566.51
566.47
566.50
566.76
566.44
566.13
566.16
566.62
566.18
566.05
566.09
566.11
565.73
565.56
565.37
565.17
565.03
565.25
565.63
565.91
566.27
566.47
566.64
566.90
566.69
566.64
566.51
566.41
566.62
566.63
566.73
566.48
566.39
566.68
566.58
566.59
566.32
566.29
566.31
566.09
566.01
566.01
565.96
565.68
566.47
566.38
566.16
566.03
565.56
565.80
565.80
565.92
566.03
566.16
565.90
565.79
565.77
565.82
566.29
566.51
566.50
566.63
566.66
566.43
566.50
566.12
566.11
566.10
566.19
566.41
566.43
566.71
566.88
566.88
566.86
566.68
566.96
566.91
566.91
567.08
566.90
566.98
566.95
567.11
567.20
567.37
567.38
567.65
567.61
567.42
567.41
567.36
567.23
567.49
567.72
567.64
567.33
567.28
567.21
567.60
567.49
567.15
567.54
567.47
567.36
567.39
567.28
567.27
566.91
566.91
567.15
566.92
566.98
567.26
566.98
566.90
566.90
566.91
566.77
566.25
566.22
566.34
566.22
566.33
566.42
566.06
566.10
566.04
566.22
566.12
566.06
566.20
566.23
566.44
566.47
566.41
566.05
566.13
566.37
566.06
565.97
566.07
565.97
565.93
565.93
566.05
566.18
565.76
565.70
565.74
565.78
565.93
565.81
565.94
566.08
566.61
566.68
566.79
566.65
566.91
566.85
566.87
566.75
566.77
566.93
566.79
567.10
567.21
567.25
567.27
567.11
567.24
567.42
567.78
567.84
567.84
567.85
567.93
567.91
567.99
567.75
567.88
567.99
567.95
567.18
567.79
567.80
567.80
567.65
567.84
567.84
567.90
567.79
567.97
567.88
567.75
567.72
567.79
567.74
567.71
567.58
567.58
567.54
567.68
567.77
567.83
567.85
567.78
567.98
567.85
568.00
567.99
567.71
567.66
567.69
567.49
567.44
567.29
567.44
567.49
567.40
567.47
567.42
567.59
567.40
567.54
567.48
567.46
567.49
567.44
567.42
567.64
567.52
567.67
567.52
567.43
567.12
566.92
567.16
566.95
566.93
566.77
566.77
566.77
566.80
566.76
566.83
566.63
566.46
566.52
566.52
566.68
566.58
566.58
566.71
566.98
567.11
567.00
566.89
567.01
567.14
567.13
567.07
567.23
567.24
567.15
567.09
567.02
566.93
566.90
567.00
566.90
566.94
566.92
567.06
567.09
567.16
567.03
567.09
567.13
567.09
567.34
567.30
567.30
567.26
567.42
567.30
567.27
567.39
567.30
566.89
566.67
566.61
566.77
566.93
566.84
566.89
566.82
567.06
567.08
567.26
567.25
567.01
567.10
567.13
566.89
566.79
566.67
566.84
566.96
567.17
567.02
567.16
566.86
566.64
566.76
567.05
566.91
566.81
566.92
566.81
566.70
566.82
566.77
566.64
567.03
567.00
567.32
567.37
567.44
567.35
567.42
567.31
567.20
567.37
567.54
567.50
567.43
567.42
567.52
567.40
567.27
567.33
567.66
567.69
567.90
567.79
567.69
567.65
567.72
567.75
567.78
568.22
568.14
568.17
568.11
567.94
567.85
567.74
567.98
567.75
