558.45
558.45
558.45
558.45
558.45
558.45
558.45
558.45
558.45
558.45
558.45
558.45
558.45
558.45
558.45
558.45
558.45
558.45
558.45
558.45
558.45
558.45
558.45
558.45
558.45
558.45
558.45
558.45
558.45
558.45
556.54
556.78
556.77
556.99
556.56
557.48
556.59
556.81
556.39
555.85
555.42
556.00
556.10
556.24
556.24
555.94
555.62
556.15
555.35
555.22
555.44
554.61
554.65
554.65
554.21
554.08
554.00
553.60
553.65
553.17
553.44
553.61
553.50
553.61
553.67
553.79
553.44
553.32
553.34
552.72
553.30
552.54
552.77
552.75
552.55
553.34
553.13
552.90
552.78
552.59
552.80
553.04
553.46
553.11
553.22
553.60
553.58
553.45
553.87
554.30
554.13
554.31
554.24
554.14
553.80
554.45
554.21
554.28
554.53
554.57
554.43
554.67
555.00
555.23
555.48
555.57
555.43
555.06
555.16
555.38
555.41
555.75
555.81
555.66
555.86
556.12
556.60
556.80
555.16
557.10
557.79
557.46
557.74
557.49
557.57
557.56
557.77
557.79
558.22
557.92
557.93
558.01
558.04
557.96
558.16
557.92
557.99
557.60
557.55
557.50
557.61
557.83
557.78
557.40
557.26
557.44
557.63
557.28
557.38
557.60
557.26
557.31
557.49
557.65
557.76
557.60
557.53
557.58
557.29
557.49
557.17
557.13
557.13
557.96
558.38
557.89
558.49
558.07
558.07
558.27
557.68
558.04
558.09
558.32
558.28
558.12
558.86
559.11
559.21
559.61
559.86
559.83
559.28
559.28
559.50
559.41
559.54
559.40
559.35
558.92
558.92
558.75
559.07
559.08
558.68
559.04
559.25
559.25
559.70
559.00
559.31
559.11
559.11
559.25
558.68
558.78
558.62
558.54
558.73
558.72
558.72
558.84
558.75
558.69
558.61
558.61
558.58
558.78
558.65
558.71
558.25
558.09
558.28
558.28
558.09
558.24
558.19
557.80
557.70
558.15
558.20
558.16
558.03
558.02
558.26
558.42
558.40
558.32
558.10
558.00
558.20
557.79
558.11
558.16
558.23
557.68
558.00
558.39
558.21
558.26
558.14
558.19
558.32
558.61
558.55
559.45
559.76
559.99
560.87
561.17
560.65
560.81
560.69
560.47
560.59
560.87
560.80
560.87
560.45
560.87
560.40
560.49
560.49
560.40
560.66
561.06
560.81
560.70
561.20
561.42
561.24
560.64
560.79
561.00
560.78
561.14
561.31
561.26
561.21
561.38
561.58
562.30
562.50
562.30
562.31
562.31
562.12
561.92
561.84
561.40
561.27
562.14
562.26
562.12
562.03
561.94
562.04
562.15
562.18
562.26
562.06
561.95
561.52
561.52
561.28
561.40
561.14
560.76
560.72
560.52
560.51
560.34
560.30
560.30
560.33
560.53
560.75
560.65
560.41
560.60
560.68
560.12
560.26
560.32
560.45
560.36
560.36
560.32
560.46
560.97
561.15
560.84
560.52
559.81
559.45
559.00
558.42
558.76
558.76
558.32
557.57
557.92
557.40
557.53
557.81
561.24
558.13
558.10
558.27
557.97
558.31
558.19
558.32
558.05
557.85
558.22
558.02
558.14
558.38
558.38
558.14
557.75
557.87
558.14
557.96
558.11
557.80
557.84
557.53
557.33
557.09
557.09
557.34
557.12
558.02
558.06
558.29
558.31
558.95
558.51
558.32
558.40
558.38
558.09
557.85
558.11
558.38
558.50
558.57
559.12
559.47
558.80
559.10
559.04
559.67
559.57
559.75
559.65
560.03
559.70
559.71
560.32
560.17
