558.94
558.94
558.94
558.94
558.94
558.94
558.94
558.94
558.94
558.94
558.94
558.94
558.94
558.94
558.94
558.94
558.94
558.94
558.94
558.94
558.94
558.94
558.94
558.94
558.94
558.94
558.94
558.94
558.94
558.94
561.37
562.11
562.10
562.06
561.64
561.54
562.37
562.92
563.24
563.34
563.74
564.08
564.32
564.60
564.53
564.30
564.11
563.80
563.96
563.45
563.79
563.50
563.22
563.59
563.15
564.00
563.67
563.25
563.25
562.59
562.50
562.22
562.19
562.21
562.24
562.21
562.32
561.88
561.94
562.06
561.80
561.91
561.67
561.27
561.34
560.60
560.53
560.46
560.89
560.83
560.69
560.86
561.01
560.99
561.08
561.50
561.26
560.70
561.06
560.82
560.91
561.02
561.42
561.41
561.23
561.14
560.95
561.05
561.11
560.85
560.56
560.83
560.70
560.64
560.91
560.84
560.63
560.39
560.66
560.49
560.53
560.45
560.36
560.67
560.48
560.43
560.42
559.96
559.93
560.16
560.20
560.20
560.11
559.84
559.83
559.80
559.82
560.11
560.19
560.15
559.86
559.55
559.69
559.35
559.48
559.38
559.69
559.70
559.90
559.83
559.83
559.90
560.31
560.53
560.67
560.53
561.08
561.13
560.97
561.04
560.55
560.50
560.59
560.00
560.60
560.27
560.20
560.15
560.30
560.07
559.98
560.10
560.34
560.24
559.94
560.13
560.20
560.17
559.93
559.76
559.81
559.92
559.93
559.98
560.03
560.07
559.88
559.84
559.76
559.64
559.47
559.41
559.28
559.14
558.68
559.37
559.38
559.46
559.20
559.03
558.87
558.75
558.77
558.65
558.46
558.51
558.42
558.41
558.32
558.08
557.85
557.94
557.94
557.66
557.34
557.40
557.62
557.32
557.54
557.72
557.75
558.01
558.01
558.10
558.23
558.00
557.90
558.12
558.25
558.05
558.16
558.10
558.22
558.53
558.84
558.84
558.65
558.72
558.77
558.81
558.91
559.11
559.29
559.29
559.43
559.59
559.67
559.22
558.95
559.07
559.05
559.04
558.79
559.24
559.26
559.29
558.81
559.01
559.09
559.22
559.18
559.25
559.29
559.10
559.26
558.94
559.05
559.07
558.89
558.95
559.28
559.19
559.17
559.11
559.12
559.33
559.33
559.18
559.18
559.21
559.18
558.89
558.72
558.65
558.64
558.29
558.45
558.42
558.23
558.15
558.02
557.94
557.95
557.95
558.45
559.09
559.17
558.96
558.90
558.97
559.20
559.11
559.10
559.30
559.69
559.68
559.55
557.83
558.18
557.47
556.94
556.08
556.14
556.20
557.35
557.10
557.91
558.94
559.90
559.56
558.95
558.44
557.51
557.10
557.66
558.37
557.58
558.10
557.83
558.20
558.89
559.12
559.61
559.50
559.70
559.27
559.95
559.95
559.40
558.94
559.31
560.03
560.09
559.59
558.91
558.86
558.33
558.67
558.58
559.19
558.81
558.60
558.16
557.59
557.59
557.32
557.08
557.02
556.88
557.15
556.97
557.50
557.59
557.56
558.49
558.66
558.39
558.16
558.77
558.38
557.77
557.36
557.90
557.19
557.04
556.74
556.77
556.53
556.69
556.72
556.71
556.82
556.71
557.00
557.11
557.24
557.39
557.34
557.05
557.04
557.50
557.44
556.99
557.13
557.46
557.50
558.22
558.30
559.10
559.31
559.26
559.00
558.59
558.93
558.98
559.34
559.26
559.47
559.55
559.70
559.47
559.30
559.42
559.55
559.47
559.29
559.07
559.08
559.26
559.01
559.02
558.87
558.92
558.66
558.52
